,종로구,중구,용산구,성동구,광진구,동대문구,중랑구,성북구,강북구,도봉구,노원구,은평구,서대문구,마포구,양천구,강서구,구로구,금천구,영등포구,동작구,관악구,서초구,강남구,송파구,강동구
2010-01,6420.0,5725.0,11797.0,16416.0,17564.0,16889.0,19965.0,25735.0,15480.0,17426.0,31418.0,23288.0,15660.0,21165.0,23404.0,32152.0,24889.0,11604.0,22597.0,20383.0,25387.0,21112.0,23460.0,35186.0,24642.0
2010-02,6416.0,5721.0,11732.0,16328.0,17518.0,16796.0,20036.0,25625.0,15407.0,17338.0,31294.0,23390.0,15610.0,20993.0,23326.0,31992.0,24800.0,11529.0,22534.0,20352.0,25233.0,21125.0,23531.0,35195.0,24714.0
2010-03,6372.0,5702.0,11677.0,16267.0,17436.0,16819.0,20038.0,25565.0,15320.0,17248.0,31127.0,23399.0,15601.0,20867.0,23200.0,31816.0,24687.0,11441.0,22351.0,20205.0,25137.0,21135.0,23511.0,35136.0,24698.0
2010-04,6388.0,5680.0,11584.0,16264.0,17334.0,16865.0,19916.0,25423.0,15273.0,17164.0,30994.0,23401.0,15509.0,20781.0,23134.0,31711.0,24625.0,11379.0,22281.0,20173.0,25035.0,21224.0,23593.0,35146.0,24750.0
2010-05,6348.0,5683.0,11532.0,16182.0,17312.0,16820.0,19779.0,25425.0,15158.0,17085.0,30861.0,23367.0,15480.0,20760.0,23074.0,31573.0,24624.0,11341.0,22219.0,20140.0,24945.0,21306.0,23557.0,35147.0,24762.0
2010-06,6354.0,5644.0,11555.0,16134.0,17307.0,16754.0,19722.0,25377.0,15356.0,17020.0,30741.0,23450.0,15438.0,20685.0,23003.0,31453.0,24680.0,11322.0,22193.0,20144.0,24823.0,21378.0,23550.0,35132.0,24776.0
2010-07,6311.0,5628.0,11555.0,16031.0,17233.0,16639.0,19647.0,25446.0,15439.0,16959.0,30624.0,23593.0,15302.0,20696.0,22907.0,31339.0,24691.0,11261.0,22082.0,20184.0,24762.0,21376.0,23621.0,35080.0,24794.0
2010-08,6285.0,5628.0,11617.0,15989.0,17189.0,16598.0,19554.0,25516.0,15499.0,16879.0,30503.0,23729.0,15198.0,20848.0,22814.0,31216.0,24612.0,11234.0,22036.0,20223.0,24613.0,21432.0,23667.0,35091.0,24720.0
2010-09,6259.0,5636.0,11630.0,15857.0,17119.0,16605.0,19515.0,25600.0,15469.0,16856.0,30452.0,23901.0,15136.0,20921.0,22737.0,31109.0,24625.0,11209.0,21883.0,20183.0,24541.0,21394.0,23765.0,34991.0,24661.0
2010-10,6236.0,5661.0,11643.0,15771.0,17082.0,16559.0,19496.0,25748.0,15476.0,16862.0,30403.0,24057.0,15015.0,20903.0,22643.0,31033.0,24568.0,11214.0,21859.0,20173.0,24411.0,21414.0,23856.0,34839.0,24649.0
2010-11,6218.0,5667.0,11559.0,15796.0,17051.0,16539.0,19404.0,25921.0,15493.0,16845.0,30373.0,24223.0,14883.0,21077.0,22600.0,30957.0,24554.0,11115.0,21857.0,20163.0,24390.0,21502.0,23946.0,34713.0,24698.0
2010-12,6217.0,5677.0,11617.0,15748.0,17080.0,16681.0,19392.0,26050.0,15524.0,16901.0,30316.0,24385.0,14883.0,21207.0,22562.0,30932.0,24626.0,11088.0,21880.0,20130.0,24433.0,21650.0,24181.0,34729.0,24744.0
2011-01,6188.0,5690.0,11606.0,15650.0,16980.0,16679.0,19429.0,26036.0,15523.0,16861.0,30222.0,24519.0,14806.0,21250.0,22553.0,30906.0,24526.0,11057.0,21860.0,20134.0,24406.0,21717.0,24260.0,34669.0,24838.0
2011-02,6205.0,5699.0,11594.0,15589.0,16966.0,16654.0,19381.0,26048.0,15522.0,16851.0,30076.0,24630.0,14739.0,21300.0,22492.0,30911.0,24528.0,11057.0,21799.0,20106.0,24390.0,21794.0,24474.0,34793.0,25185.0
2011-03,6170.0,5698.0,11624.0,15461.0,16918.0,16671.0,19354.0,25962.0,15525.0,16802.0,29941.0,24691.0,14635.0,21324.0,22325.0,30733.0,24519.0,11062.0,21720.0,20057.0,24259.0,21828.0,24615.0,34706.0,25421.0
2011-04,6167.0,5707.0,11631.0,15447.0,16925.0,16683.0,19359.0,25985.0,15564.0,16827.0,29847.0,24720.0,14596.0,21340.0,22329.0,30711.0,24517.0,11030.0,21642.0,20103.0,24175.0,21818.0,24752.0,34778.0,25499.0
2011-05,6168.0,5733.0,11815.0,15424.0,16961.0,16735.0,19361.0,25933.0,15541.0,16834.0,29821.0,24774.0,14507.0,21388.0,22438.0,30697.0,24587.0,10966.0,21624.0,20101.0,24193.0,21851.0,24886.0,34782.0,25631.0
2011-06,6180.0,5766.0,11784.0,15438.0,16986.0,16757.0,19391.0,25950.0,15521.0,16832.0,29800.0,24771.0,14428.0,21319.0,22519.0,30700.0,24633.0,10985.0,21565.0,20163.0,24157.0,21846.0,24923.0,34836.0,25676.0
2011-07,6171.0,5752.0,11831.0,15339.0,16998.0,16781.0,19383.0,25850.0,15539.0,16795.0,29748.0,24779.0,14331.0,21280.0,22790.0,30535.0,24696.0,10930.0,21459.0,20100.0,24056.0,21884.0,25039.0,34887.0,25760.0
2011-08,6180.0,5792.0,11892.0,15286.0,16971.0,16850.0,19372.0,25818.0,15552.0,16817.0,29699.0,24835.0,14300.0,21149.0,23019.0,30376.0,24931.0,10914.0,21365.0,20045.0,24031.0,21917.0,25076.0,34912.0,25785.0
2011-09,6193.0,5768.0,11881.0,15209.0,16971.0,16900.0,19313.0,25770.0,15566.0,16829.0,29675.0,24929.0,14215.0,21117.0,23079.0,30316.0,25049.0,10931.0,21379.0,20078.0,23915.0,21967.0,25110.0,34907.0,25737.0
2011-10,6165.0,5725.0,11848.0,15164.0,16991.0,16837.0,19322.0,25688.0,15513.0,16860.0,29708.0,25009.0,14132.0,21044.0,23106.0,30207.0,25287.0,10869.0,21269.0,20088.0,23866.0,21985.0,25028.0,34933.0,25662.0
2011-11,6123.0,5769.0,11849.0,15099.0,16969.0,16829.0,19287.0,25619.0,15616.0,16852.0,29656.0,25052.0,14084.0,20899.0,23095.0,30212.0,25560.0,10892.0,21245.0,20063.0,23764.0,22018.0,25025.0,34878.0,25685.0
2011-12,6115.0,5874.0,11860.0,15017.0,16913.0,16796.0,19309.0,25572.0,15674.0,16867.0,29591.0,25132.0,14041.0,20933.0,23087.0,30220.0,25684.0,10927.0,21144.0,20152.0,23785.0,22160.0,25176.0,35041.0,25696.0
2012-01,6092.0,5956.0,11834.0,14956.0,16862.0,16793.0,19281.0,25554.0,15738.0,16881.0,29491.0,25183.0,13924.0,20888.0,23049.0,30242.0,25726.0,10940.0,21072.0,20176.0,23816.0,22385.0,25170.0,34962.0,25672.0
2012-02,6081.0,6018.0,11803.0,14915.0,16823.0,16775.0,19286.0,25491.0,15819.0,16878.0,29485.0,25334.0,13832.0,20806.0,23065.0,30150.0,25681.0,10987.0,20984.0,20118.0,23714.0,22666.0,25129.0,35117.0,25540.0
2012-03,6071.0,6066.0,11813.0,14905.0,16821.0,16725.0,19272.0,25374.0,15756.0,16874.0,29410.0,25584.0,13750.0,20650.0,23085.0,30100.0,25658.0,10987.0,20953.0,20107.0,23695.0,22754.0,25132.0,35170.0,25421.0
2012-04,6057.0,6083.0,11784.0,14898.0,16831.0,16739.0,19194.0,25351.0,15778.0,16834.0,29365.0,25776.0,13719.0,20625.0,23041.0,30123.0,25749.0,10966.0,20927.0,20084.0,23701.0,22847.0,25165.0,35221.0,25383.0
2012-05,6064.0,6103.0,11791.0,14886.0,16889.0,16759.0,19200.0,25328.0,15736.0,16795.0,29412.0,25916.0,13700.0,20556.0,23033.0,30154.0,25809.0,10939.0,20880.0,20064.0,23679.0,22826.0,25149.0,35255.0,25342.0
2012-06,6043.0,6106.0,11868.0,14952.0,16927.0,16781.0,19244.0,25321.0,15705.0,16820.0,29412.0,26014.0,13624.0,20466.0,23017.0,30194.0,25802.0,10945.0,20866.0,20087.0,23614.0,22940.0,25235.0,35312.0,25310.0
2012-07,6046.0,6123.0,11895.0,14949.0,17002.0,16795.0,19271.0,25298.0,15728.0,16889.0,29431.0,26021.0,13604.0,20494.0,23011.0,30214.0,25828.0,10974.0,20806.0,20138.0,23551.0,22996.0,25310.0,35418.0,25375.0
2012-08,6037.0,6148.0,11882.0,15019.0,16966.0,16768.0,19241.0,25253.0,15735.0,16954.0,29467.0,26070.0,13702.0,20532.0,23025.0,30247.0,25897.0,10935.0,20733.0,20226.0,23533.0,22984.0,25399.0,35442.0,25384.0
2012-09,6028.0,6159.0,11830.0,15105.0,16975.0,16759.0,19165.0,25193.0,15704.0,16952.0,29419.0,26100.0,13666.0,20522.0,22986.0,30241.0,25882.0,10937.0,20686.0,20220.0,23479.0,22985.0,25337.0,35381.0,25400.0
2012-10,6014.0,6137.0,11815.0,15116.0,16960.0,16693.0,19201.0,25092.0,15735.0,16898.0,29468.0,26125.0,13786.0,20430.0,22935.0,30286.0,25916.0,10964.0,20635.0,20438.0,23438.0,22988.0,25476.0,35237.0,25407.0
2012-11,5992.0,6100.0,11806.0,15135.0,16918.0,16661.0,19156.0,25067.0,15735.0,16867.0,29437.0,26076.0,13959.0,20424.0,22917.0,30299.0,25942.0,10937.0,20601.0,20512.0,23380.0,22921.0,25560.0,35150.0,25315.0
2012-12,5971.0,6076.0,11811.0,15110.0,16953.0,16653.0,19160.0,24994.0,15759.0,16858.0,29341.0,26036.0,14092.0,20348.0,22984.0,30319.0,25929.0,10954.0,20587.0,20533.0,23356.0,23018.0,25624.0,35166.0,25352.0
2013-01,5939.0,6044.0,11740.0,15174.0,16938.0,16639.0,19080.0,24920.0,15741.0,16807.0,29297.0,25989.0,14118.0,20379.0,22960.0,30218.0,25933.0,10914.0,20469.0,20603.0,23317.0,23110.0,25523.0,35101.0,25336.0
2013-02,5945.0,6011.0,11694.0,15381.0,16947.0,16613.0,19122.0,24819.0,15758.0,16797.0,29366.0,26074.0,14200.0,20287.0,23068.0,30272.0,25944.0,10927.0,20446.0,20549.0,23273.0,23588.0,25474.0,35188.0,25387.0
2013-03,5866.0,5957.0,11615.0,15293.0,16859.0,16540.0,18995.0,24682.0,15637.0,16711.0,29163.0,26044.0,14153.0,20162.0,22895.0,30148.0,25756.0,10862.0,20335.0,20487.0,23167.0,23789.0,25365.0,34980.0,25229.0
2013-04,5834.0,5916.0,11574.0,15306.0,16815.0,16571.0,18992.0,24630.0,15609.0,16678.0,29078.0,25994.0,14163.0,20147.0,22843.0,30188.0,25669.0,10803.0,20208.0,20445.0,23050.0,23926.0,25291.0,34894.0,25120.0
2013-05,5812.0,5913.0,11523.0,15265.0,16812.0,16740.0,19037.0,24523.0,15606.0,16588.0,29031.0,25989.0,14185.0,20074.0,22806.0,30174.0,25652.0,10801.0,20153.0,20405.0,23023.0,23959.0,25274.0,34839.0,25082.0
2013-06,5785.0,5868.0,11477.0,15220.0,16781.0,16849.0,18976.0,24462.0,15578.0,16511.0,28872.0,25986.0,14116.0,19970.0,22732.0,30145.0,25536.0,10745.0,20106.0,20435.0,22878.0,23901.0,25237.0,34817.0,24972.0
2013-07,5741.0,5854.0,11468.0,15205.0,16739.0,16825.0,18942.0,24422.0,15534.0,16486.0,28762.0,25928.0,14100.0,19919.0,22671.0,30110.0,25460.0,10754.0,20111.0,20417.0,22788.0,23949.0,25343.0,34757.0,24949.0
2013-08,5708.0,5802.0,11413.0,15135.0,16670.0,16780.0,18909.0,24339.0,15464.0,16380.0,28661.0,25777.0,14071.0,19811.0,22579.0,30033.0,25344.0,10739.0,19999.0,20438.0,22723.0,23917.0,25336.0,34654.0,24854.0
2013-09,5678.0,5776.0,11380.0,15082.0,16663.0,16721.0,18823.0,24230.0,15421.0,16316.0,28574.0,25668.0,14075.0,19713.0,22456.0,29961.0,25223.0,10756.0,19932.0,20422.0,22640.0,23900.0,25297.0,34481.0,24709.0
2013-10,5641.0,5717.0,11277.0,15002.0,16547.0,16692.0,18683.0,24143.0,15307.0,16265.0,28427.0,25671.0,14050.0,19566.0,22372.0,30063.0,25130.0,10693.0,19844.0,20435.0,22501.0,23946.0,25178.0,34466.0,24703.0
2013-11,5594.0,5688.0,11224.0,14954.0,16480.0,16638.0,18601.0,24012.0,15186.0,16178.0,28229.0,25560.0,14021.0,19521.0,22278.0,30073.0,25056.0,10623.0,19685.0,20405.0,22327.0,23924.0,25057.0,34315.0,24596.0
2013-12,5570.0,5644.0,11192.0,14913.0,16463.0,16520.0,18753.0,23876.0,15055.0,16093.0,28071.0,25402.0,13990.0,19330.0,22244.0,30033.0,24990.0,10558.0,19671.0,20373.0,22216.0,24303.0,25016.0,34742.0,24525.0
2014-01,5563.0,5599.0,11131.0,14822.0,16356.0,16452.0,18762.0,23657.0,14978.0,15963.0,27874.0,25229.0,13937.0,19217.0,22028.0,29879.0,24981.0,10510.0,19499.0,20274.0,22062.0,24335.0,24766.0,34913.0,24334.0
2014-02,5536.0,5594.0,11132.0,14760.0,16281.0,16368.0,18934.0,23583.0,14903.0,15920.0,27746.0,25103.0,13876.0,19151.0,22014.0,29784.0,25035.0,10457.0,19328.0,20259.0,21925.0,24505.0,24733.0,35146.0,24281.0
2014-03,5527.0,5499.0,11047.0,14762.0,16199.0,16363.0,18928.0,23515.0,14794.0,15925.0,27614.0,24951.0,13854.0,19085.0,22007.0,29683.0,25074.0,10440.0,19254.0,20199.0,21825.0,24480.0,24919.0,35016.0,24258.0
2014-04,5555.0,5474.0,11059.0,14798.0,16146.0,16305.0,18868.0,23404.0,14816.0,15911.0,27595.0,24875.0,13858.0,19108.0,21981.0,29662.0,25121.0,10421.0,19288.0,20165.0,21849.0,24421.0,25133.0,34890.0,24232.0
2014-05,5555.0,5462.0,10992.0,14800.0,16123.0,16258.0,18836.0,23342.0,14799.0,15834.0,27465.0,24787.0,13816.0,19054.0,21983.0,29616.0,25162.0,10419.0,19265.0,20166.0,21804.0,24431.0,25411.0,34844.0,24186.0
2014-06,5529.0,5456.0,10938.0,14752.0,16101.0,16222.0,18883.0,23179.0,14770.0,15853.0,27286.0,24733.0,13787.0,18883.0,21902.0,30009.0,25138.0,10390.0,19184.0,20147.0,21759.0,24462.0,25443.0,34809.0,24142.0
2014-07,5503.0,5469.0,10843.0,14721.0,16059.0,16142.0,19008.0,23071.0,14730.0,15757.0,27163.0,24578.0,13691.0,18763.0,21802.0,30576.0,25097.0,10381.0,19126.0,20084.0,21677.0,24624.0,25514.0,34788.0,24023.0
2014-08,5463.0,5411.0,10834.0,14623.0,16020.0,16069.0,19039.0,22874.0,14662.0,15736.0,27042.0,24432.0,13642.0,18718.0,21640.0,30999.0,25036.0,10357.0,19067.0,19965.0,21599.0,24900.0,25580.0,34614.0,23871.0
2014-09,5430.0,5426.0,10813.0,14559.0,16020.0,16136.0,19075.0,22756.0,14620.0,15695.0,26998.0,24386.0,13628.0,18685.0,21612.0,31190.0,25015.0,10344.0,19045.0,19995.0,21640.0,24999.0,25579.0,34604.0,23824.0
2014-10,5389.0,5405.0,10726.0,14471.0,15985.0,16256.0,19093.0,22600.0,14545.0,15675.0,26965.0,24288.0,13508.0,18847.0,21522.0,31387.0,24892.0,10314.0,18982.0,19976.0,21519.0,25117.0,25633.0,34500.0,23720.0
2014-11,5340.0,5384.0,10629.0,14455.0,15908.0,16289.0,19065.0,22440.0,14505.0,15650.0,26873.0,24158.0,13391.0,19049.0,21472.0,31395.0,24731.0,10266.0,18871.0,19936.0,21406.0,25026.0,25843.0,34448.0,23670.0
2014-12,5318.0,5349.0,10615.0,14440.0,15898.0,16325.0,19059.0,22390.0,14432.0,15604.0,26817.0,24163.0,13377.0,19118.0,21466.0,31483.0,24637.0,10261.0,18833.0,19917.0,21398.0,25031.0,26043.0,34427.0,23646.0
2015-01,5299.0,5280.0,10558.0,14365.0,15866.0,16244.0,19008.0,22274.0,14374.0,15521.0,26705.0,24089.0,13260.0,19067.0,21414.0,31447.0,24580.0,10241.0,18779.0,19849.0,21334.0,24995.0,26023.0,34300.0,23491.0
2015-02,5267.0,5272.0,10548.0,14323.0,15830.0,16246.0,18974.0,22253.0,14278.0,15508.0,26610.0,24103.0,13147.0,19162.0,21448.0,31519.0,24408.0,10240.0,18824.0,19755.0,21264.0,25047.0,26103.0,34246.0,23444.0
2015-03,5242.0,5245.0,10540.0,14313.0,15832.0,16266.0,18935.0,22148.0,14182.0,15472.0,26588.0,24069.0,13122.0,19159.0,21543.0,31610.0,24397.0,10269.0,18821.0,19741.0,21255.0,24949.0,26009.0,34295.0,23241.0
2015-04,5273.0,5250.0,10529.0,14386.0,15802.0,16250.0,18953.0,22110.0,14133.0,15515.0,26615.0,24024.0,13174.0,19274.0,21569.0,31539.0,24388.0,10253.0,18850.0,19691.0,21237.0,24873.0,26006.0,34304.0,23116.0
2015-05,5268.0,5232.0,10554.0,14533.0,15815.0,16220.0,19010.0,22080.0,14107.0,15541.0,26578.0,23977.0,13113.0,19370.0,21597.0,31623.0,24395.0,10261.0,18843.0,19744.0,21203.0,24831.0,25963.0,34349.0,23067.0
2015-06,5260.0,5185.0,10561.0,14672.0,15845.0,16204.0,18955.0,22111.0,14065.0,15572.0,26552.0,23908.0,13111.0,19403.0,21675.0,31653.0,24359.0,10247.0,18887.0,19721.0,21162.0,24947.0,25972.0,34357.0,22903.0
2015-07,5236.0,5163.0,10567.0,14747.0,15812.0,16143.0,18898.0,22110.0,14006.0,15553.0,26524.0,23871.0,13087.0,19419.0,21657.0,31725.0,24354.0,10262.0,18856.0,19661.0,21148.0,25042.0,26239.0,34293.0,22751.0
2015-08,5209.0,5140.0,10510.0,14801.0,15791.0,16108.0,18784.0,22011.0,13943.0,15499.0,26468.0,23885.0,13070.0,19360.0,21614.0,31732.0,24329.0,10239.0,18784.0,19578.0,21077.0,25010.0,26307.0,34154.0,22572.0
2015-09,5249.0,5154.0,10486.0,14783.0,15738.0,16028.0,18717.0,21960.0,13900.0,15439.0,26351.0,23814.0,13028.0,19377.0,21542.0,31693.0,24270.0,10233.0,18781.0,19488.0,21028.0,24888.0,26254.0,34058.0,22452.0
2015-10,5270.0,5176.0,10459.0,14856.0,15697.0,15962.0,18763.0,21920.0,13828.0,15397.0,26327.0,23745.0,13040.0,19337.0,21539.0,31643.0,24216.0,10218.0,18718.0,19474.0,20953.0,24829.0,26339.0,33957.0,22313.0
2015-11,5279.0,5141.0,10426.0,14808.0,15684.0,15930.0,18699.0,21824.0,13754.0,15398.0,26252.0,23581.0,13428.0,19202.0,21590.0,31633.0,24084.0,10142.0,18655.0,19397.0,20823.0,24733.0,26358.0,33879.0,22199.0
2015-12,5317.0,5133.0,10433.0,14785.0,15680.0,15896.0,18660.0,21779.0,13655.0,15372.0,26230.0,23538.0,13729.0,19140.0,21644.0,31651.0,24053.0,10153.0,18659.0,19422.0,20777.0,24696.0,26317.0,33794.0,22135.0
2016-01,5277.0,5119.0,10395.0,14700.0,15629.0,15836.0,18585.0,21609.0,13586.0,15322.0,26100.0,23391.0,13819.0,19075.0,21603.0,31671.0,23931.0,10115.0,18568.0,19333.0,20691.0,24517.0,26253.0,33693.0,21961.0
2016-02,5293.0,5121.0,10330.0,14649.0,15581.0,15744.0,18593.0,21540.0,13551.0,15321.0,26109.0,23300.0,13916.0,19054.0,21615.0,31691.0,23881.0,10070.0,18603.0,19311.0,20619.0,24435.0,26197.0,33541.0,21838.0
2016-03,5269.0,5135.0,10332.0,14642.0,15588.0,15717.0,18538.0,21469.0,13558.0,15246.0,26127.0,23203.0,13972.0,19081.0,21548.0,31740.0,23789.0,10037.0,18607.0,19218.0,20500.0,24297.0,26012.0,33347.0,21685.0
2016-04,5281.0,5123.0,10294.0,14628.0,15563.0,15671.0,18484.0,21380.0,13524.0,15207.0,26146.0,23100.0,14001.0,19074.0,21513.0,31722.0,23737.0,10003.0,18612.0,19188.0,20439.0,24152.0,25901.0,33261.0,21606.0
2016-05,5260.0,5107.0,10311.0,14711.0,15603.0,15667.0,18438.0,21284.0,13438.0,15197.0,26155.0,23022.0,14086.0,19054.0,21532.0,31762.0,23664.0,9995.0,18599.0,19205.0,20426.0,24143.0,25739.0,33175.0,21533.0
2016-06,5270.0,5087.0,10263.0,14729.0,15549.0,15625.0,18433.0,21222.0,13357.0,15153.0,26143.0,22964.0,14020.0,19098.0,21470.0,31738.0,23614.0,9970.0,18523.0,19153.0,20373.0,24079.0,25661.0,33073.0,21382.0
2016-07,5281.0,5080.0,10235.0,14732.0,15538.0,15623.0,18345.0,21085.0,13260.0,15101.0,26038.0,22853.0,13952.0,19081.0,21405.0,31674.0,23490.0,9935.0,18472.0,19103.0,20336.0,24026.0,25526.0,33023.0,21310.0
2016-08,5278.0,5112.0,10170.0,14761.0,15489.0,15529.0,18288.0,20962.0,13132.0,15043.0,25939.0,22741.0,13906.0,19028.0,21448.0,31734.0,23311.0,9859.0,18390.0,19069.0,20231.0,23944.0,25406.0,32982.0,21102.0
2016-09,5225.0,5126.0,10108.0,14735.0,15443.0,15448.0,18248.0,20816.0,13058.0,14967.0,25749.0,22586.0,13873.0,18962.0,21387.0,31807.0,23127.0,9820.0,18247.0,19064.0,20068.0,23861.0,25233.0,32914.0,20928.0
2016-10,5199.0,5109.0,10032.0,14664.0,15318.0,15291.0,18138.0,20678.0,12934.0,14910.0,25474.0,22406.0,13769.0,18790.0,21264.0,31880.0,22906.0,9727.0,18099.0,19027.0,19893.0,23787.0,25110.0,32810.0,20679.0
2016-11,5176.0,5109.0,9982.0,14648.0,15183.0,15141.0,18093.0,20490.0,12807.0,14816.0,25311.0,22207.0,13646.0,18647.0,21116.0,31877.0,22708.0,9704.0,17982.0,18905.0,19751.0,23627.0,24877.0,32789.0,20518.0
2016-12,5133.0,5085.0,9965.0,14817.0,15162.0,15044.0,18040.0,20369.0,12743.0,14705.0,25224.0,22077.0,13600.0,18497.0,21013.0,31809.0,22548.0,9891.0,17901.0,18825.0,19627.0,23469.0,24694.0,32806.0,20395.0
2017-01,5099.0,5008.0,9841.0,14861.0,15064.0,14891.0,17909.0,20171.0,12604.0,14604.0,24996.0,21875.0,13569.0,18341.0,20898.0,31582.0,22359.0,9910.0,17712.0,18654.0,19462.0,23285.0,24404.0,32792.0,20355.0
2017-02,5058.0,4943.0,9784.0,14973.0,15053.0,14769.0,17829.0,20139.0,12523.0,14509.0,24875.0,21756.0,13581.0,18219.0,20867.0,31390.0,22098.0,9949.0,17568.0,18520.0,19324.0,23173.0,24346.0,32948.0,20638.0
2017-03,5184.0,4892.0,9708.0,14979.0,14977.0,14690.0,17713.0,20015.0,12516.0,14396.0,24755.0,21626.0,13607.0,18146.0,20847.0,31232.0,21950.0,9947.0,17419.0,18462.0,19179.0,22947.0,24232.0,32972.0,20829.0
2017-04,5222.0,4878.0,9619.0,14941.0,14910.0,14627.0,17661.0,19929.0,12475.0,14301.0,24592.0,21497.0,13602.0,18069.0,20700.0,31091.0,21774.0,9875.0,17369.0,18387.0,19083.0,22794.0,24092.0,32913.0,20825.0
2017-05,5214.0,4874.0,9571.0,14995.0,14846.0,14534.0,17658.0,19840.0,12436.0,14238.0,24494.0,21348.0,13624.0,18031.0,20596.0,31245.0,21601.0,9870.0,17492.0,18311.0,18945.0,22652.0,24002.0,32910.0,20813.0
2017-06,5235.0,4863.0,9546.0,14981.0,14839.0,14467.0,17649.0,19749.0,12389.0,14205.0,24348.0,21269.0,13523.0,17975.0,20485.0,31239.0,21546.0,9819.0,17470.0,18233.0,18876.0,22568.0,23801.0,32852.0,20789.0
2017-07,5233.0,4851.0,9499.0,14954.0,14752.0,14391.0,17629.0,19632.0,12315.0,14113.0,24206.0,21082.0,13476.0,17922.0,20430.0,31206.0,21394.0,9751.0,17413.0,18156.0,18775.0,22362.0,23688.0,32695.0,20684.0
2017-08,5233.0,4891.0,9425.0,14988.0,14750.0,14290.0,17567.0,19545.0,12228.0,13994.0,24050.0,21038.0,13403.0,17827.0,20336.0,31087.0,21232.0,9716.0,17377.0,18028.0,18625.0,22267.0,23507.0,32598.0,20537.0
2017-09,5210.0,4962.0,9397.0,14963.0,14664.0,14229.0,17457.0,19449.0,12118.0,13898.0,23841.0,20932.0,13301.0,17746.0,20244.0,30891.0,21100.0,9645.0,17439.0,17960.0,18497.0,22110.0,23329.0,32465.0,20321.0
2017-10,5202.0,4970.0,9358.0,14960.0,14612.0,14164.0,17317.0,19308.0,12029.0,13822.0,23711.0,20778.0,13174.0,17662.0,20108.0,30739.0,20901.0,9613.0,17377.0,17911.0,18299.0,21888.0,23171.0,32498.0,20123.0
2017-11,5159.0,4975.0,9290.0,14926.0,14532.0,14119.0,17201.0,19173.0,11937.0,13720.0,23547.0,20649.0,13119.0,17549.0,19978.0,30636.0,20725.0,9597.0,17322.0,17784.0,18170.0,21711.0,22947.0,32460.0,19943.0
2017-12,5157.0,5001.0,9243.0,14876.0,14497.0,14097.0,17108.0,19082.0,11867.0,13649.0,23386.0,20553.0,13080.0,17480.0,19871.0,30500.0,20564.0,9576.0,17255.0,17664.0,17991.0,21609.0,22826.0,32482.0,19804.0
2018-01,5126.0,4954.0,9190.0,14794.0,14367.0,13986.0,16979.0,18891.0,11758.0,13561.0,23150.0,20392.0,12976.0,17352.0,19754.0,30278.0,20315.0,9488.0,17273.0,17436.0,17832.0,21415.0,22611.0,32254.0,19561.0
2018-02,5101.0,4934.0,9155.0,14745.0,14273.0,13847.0,16808.0,18738.0,11689.0,13463.0,22857.0,20169.0,12939.0,17240.0,19703.0,30148.0,19963.0,9381.0,17169.0,17226.0,17613.0,21327.0,22412.0,32138.0,19422.0
2018-03,5051.0,4887.0,9127.0,14797.0,14162.0,13684.0,16655.0,18609.0,11508.0,13306.0,22703.0,20001.0,12831.0,17081.0,19508.0,29954.0,19661.0,9276.0,17031.0,17070.0,17368.0,21190.0,22299.0,31929.0,19241.0
2018-04,5027.0,4858.0,9121.0,14801.0,14036.0,13616.0,16523.0,18518.0,11381.0,13217.0,22497.0,19822.0,12784.0,17031.0,19395.0,29724.0,19464.0,9150.0,16965.0,17006.0,17258.0,21026.0,22153.0,31779.0,19150.0
2018-05,5005.0,4858.0,9091.0,14773.0,13940.0,13545.0,16417.0,18345.0,11309.0,13127.0,22310.0,19696.0,12716.0,16949.0,19217.0,29562.0,19333.0,9085.0,16963.0,17004.0,17117.0,20851.0,21935.0,31578.0,19078.0
2018-06,4979.0,4797.0,9020.0,14796.0,13806.0,13591.0,16234.0,18210.0,11187.0,12995.0,22171.0,19500.0,12659.0,16858.0,19030.0,29338.0,19186.0,9029.0,16869.0,16947.0,16997.0,20701.0,21687.0,31527.0,18970.0
2018-07,4914.0,4794.0,8943.0,14777.0,13729.0,13728.0,16076.0,18028.0,11072.0,12906.0,21943.0,19366.0,12575.0,16834.0,18902.0,29018.0,19062.0,8945.0,16729.0,16818.0,16882.0,20556.0,21465.0,31476.0,18817.0
2018-08,4884.0,4765.0,8862.0,14774.0,13606.0,13746.0,15903.0,17866.0,10944.0,12782.0,21717.0,19243.0,12464.0,16689.0,18743.0,28755.0,18941.0,8863.0,16648.0,16712.0,16738.0,20367.0,21273.0,31374.0,18667.0
2018-09,4832.0,4747.0,8832.0,14734.0,13519.0,13705.0,15816.0,17639.0,10834.0,12686.0,21468.0,19120.0,12392.0,16522.0,18549.0,28514.0,18762.0,8763.0,16545.0,16592.0,16599.0,20179.0,21061.0,31109.0,18448.0
2018-10,4794.0,4721.0,8778.0,14649.0,13507.0,13615.0,15700.0,17463.0,10750.0,12559.0,21249.0,19002.0,12304.0,16544.0,18386.0,28251.0,18603.0,8657.0,16469.0,16451.0,16432.0,20020.0,20855.0,30964.0,18293.0
2018-11,4759.0,4704.0,8726.0,14580.0,13457.0,13514.0,15598.0,17319.0,10618.0,12501.0,21049.0,18926.0,12329.0,16512.0,18258.0,28017.0,18451.0,8735.0,16311.0,16319.0,16259.0,19873.0,20611.0,30773.0,18117.0
2018-12,4738.0,4681.0,8655.0,14516.0,13409.0,13398.0,15522.0,17209.0,10557.0,12441.0,20905.0,18806.0,12316.0,16464.0,18146.0,27812.0,18344.0,8711.0,16191.0,16326.0,16088.0,19762.0,20532.0,30681.0,17988.0
2019-01,4673.0,4686.0,8574.0,14426.0,13274.0,13318.0,15377.0,17038.0,10418.0,12315.0,20715.0,18723.0,12283.0,16322.0,18000.0,27522.0,18118.0,8717.0,16121.0,16324.0,15868.0,19520.0,20347.0,30831.0,17798.0
2019-02,4640.0,4662.0,8526.0,14237.0,13210.0,13202.0,15280.0,16943.0,10308.0,12193.0,20486.0,18661.0,12301.0,16215.0,17876.0,27330.0,17892.0,8620.0,16042.0,16219.0,15576.0,19471.0,20251.0,31126.0,17648.0
2019-03,4635.0,4637.0,8496.0,14055.0,13099.0,13103.0,15161.0,17061.0,10143.0,12048.0,20256.0,18623.0,12253.0,16105.0,17789.0,27056.0,17908.0,8570.0,16053.0,16091.0,15378.0,19305.0,20090.0,31185.0,17501.0
2019-04,4618.0,4610.0,8438.0,13960.0,12955.0,13014.0,15094.0,17104.0,10057.0,11970.0,20083.0,18569.0,12156.0,16028.0,17673.0,26958.0,17876.0,8548.0,16035.0,16049.0,15277.0,19200.0,20008.0,31200.0,17429.0
2019-05,4589.0,4597.0,8436.0,13924.0,12803.0,13014.0,14991.0,17083.0,9988.0,11903.0,19993.0,18466.0,12083.0,15968.0,17547.0,26799.0,17789.0,8486.0,16028.0,16009.0,15180.0,19082.0,19957.0,31189.0,17367.0
2019-06,4544.0,4587.0,8424.0,13865.0,12679.0,13034.0,14910.0,16997.0,9887.0,11845.0,19875.0,18413.0,12089.0,15894.0,17398.0,26628.0,17741.0,8444.0,15996.0,15971.0,15074.0,18961.0,19832.0,31035.0,17276.0
2019-07,4534.0,4587.0,8404.0,13803.0,12570.0,12991.0,14814.0,17036.0,9783.0,11723.0,19693.0,18266.0,12033.0,15766.0,17274.0,26414.0,17741.0,8397.0,15976.0,15818.0,15007.0,18833.0,19757.0,30868.0,17327.0
2019-08,4524.0,4559.0,8369.0,13723.0,12454.0,12956.0,14610.0,16956.0,9681.0,11623.0,19508.0,18057.0,11909.0,15661.0,17131.0,26138.0,17730.0,8314.0,15854.0,15713.0,14891.0,18684.0,19631.0,30652.0,17307.0
2019-09,4502.0,4539.0,8300.0,13681.0,12369.0,12886.0,14547.0,16867.0,9626.0,11542.0,19320.0,17961.0,11821.0,15691.0,17013.0,25873.0,17684.0,8250.0,15771.0,15615.0,14780.0,18564.0,19549.0,30455.0,17284.0
2019-10,4469.0,4504.0,8278.0,13613.0,12265.0,12853.0,14391.0,17018.0,9632.0,11473.0,19131.0,17879.0,11727.0,15661.0,16861.0,25652.0,17616.0,8170.0,15665.0,15512.0,14639.0,18503.0,19471.0,30290.0,17619.0
2019-11,4442.0,4501.0,8251.0,13551.0,12180.0,12807.0,14256.0,16984.0,9555.0,11398.0,19060.0,17746.0,11649.0,15608.0,16721.0,25426.0,17591.0,8122.0,15583.0,15387.0,14527.0,18482.0,19351.0,30149.0,17783.0
2019-12,4417.0,4459.0,8256.0,13498.0,12108.0,12801.0,14221.0,16920.0,9470.0,11365.0,18989.0,17604.0,11667.0,15567.0,16649.0,25241.0,17506.0,8038.0,15527.0,15273.0,14442.0,18455.0,19341.0,30111.0,18013.0
